100
100.1
101
renderer.eye: (0.0, 1.3659999999999999, -2.3659814031390867)
type(renderer.eye): <class 'tuple'>
102
102.1
102.1.1
vertices: tensor([[[-0.7776,  0.3186,  0.1152],
         [-0.7831,  0.2075,  0.1097],
         [-0.7725,  0.3181,  0.1123],
         ...,
         [-0.7480, -0.1746,  0.2385],
         [-0.7616, -0.2010,  0.2161],
         [-0.7448, -0.1904,  0.2323]]], device='cuda:0')
faces: tensor([[[    0,     1,     2],
         [    1,     0,     3],
         [    4,     3,     0],
         ...,
         [ 7660, 13447, 13445],
         [13446, 13445, 13448],
         [13448, 13445, 13447]]], device='cuda:0', dtype=torch.int32)
textures: tensor([[[[[[1., 1., 1.],
            [1., 1., 1.]],

           [[1., 1., 1.],
            [1., 1., 1.]]],


          [[[1., 1., 1.],
            [1., 1., 1.]],

           [[1., 1., 1.],
            [1., 1., 1.]]]],



         [[[[1., 1., 1.],
            [1., 1., 1.]],

           [[1., 1., 1.],
            [1., 1., 1.]]],


          [[[1., 1., 1.],
            [1., 1., 1.]],

           [[1., 1., 1.],
            [1., 1., 1.]]]],



         [[[[1., 1., 1.],
            [1., 1., 1.]],

           [[1., 1., 1.],
            [1., 1., 1.]]],


          [[[1., 1., 1.],
            [1., 1., 1.]],

           [[1., 1., 1.],
            [1., 1., 1.]]]],



         ...,



         [[[[1., 1., 1.],
            [1., 1., 1.]],

           [[1., 1., 1.],
            [1., 1., 1.]]],


          [[[1., 1., 1.],
            [1., 1., 1.]],

           [[1., 1., 1.],
            [1., 1., 1.]]]],



         [[[[1., 1., 1.],
            [1., 1., 1.]],

           [[1., 1., 1.],
            [1., 1., 1.]]],


          [[[1., 1., 1.],
            [1., 1., 1.]],

           [[1., 1., 1.],
            [1., 1., 1.]]]],



         [[[[1., 1., 1.],
            [1., 1., 1.]],

           [[1., 1., 1.],
            [1., 1., 1.]]],


          [[[1., 1., 1.],
            [1., 1., 1.]],

           [[1., 1., 1.],
            [1., 1., 1.]]]]]], device='cuda:0')
vertices.shape: torch.Size([1, 13449, 3])
faces.shape: torch.Size([1, 23145, 3])
textures.shape: torch.Size([1, 23145, 2, 2, 2, 3])
103
